timestamp,rows,duplicates_ratio,missing_ratio,emotion_outlier_rate
20251106_2301,739,0.0,0.0,0.13802435723951287
